-20.4179 43.6509 -44.4069 -6.17672 24.851 -5.94879 34.8828 -16.9005 25.4209 12.2601 5.65204 -16.0114 2.95671 27.6875 -12.1336 -3.14991 30.84 16.7416 6.86267 10.1455 -0.201827 -7.30941 -12.4273 5.55747 -16.4857 -10.3722 27.1069 4.5864 -6.22533 -20.5688 11.5548 -10.0798 -38.7137 10.1032 -11.0141 -24.9974 10.4843 22.1004 14.4732 -21.1971 1.98194 9.46399 -27.0704 -34.5554 10.0913 -5.27004 3.54817 -18.1229 17.4318 -1.05779 9.53687 30.0702 30.1103 -1.21686 43.2091 10.0357 33.8284 3.24298 -1.81469 -40.4754 38.061 21.6083 34.8162 -22.9279 
0.885395 -13.315 17.7989 -24.4855 12.9907 13.9657 -13.7898 7.68049 -31.2564 14.8968 18.8393 16.4145 -28.728 -10.5359 -27.822 -8.7587 29.3114 -9.10353 24.0025 1.56955 35.692 7.95255 12.4422 18.3156 -9.18925 8.9389 8.70623 -50.9021 3.8519 -6.65201 -2.98781 -31.1143 -13.4888 -26.6097 -6.50627 30.7254 -12.6665 -23.6953 7.33462 10.2763 -13.5522 27.3572 -52.9348 13.0917 29.8864 -27.0543 10.4764 11.1054 -14.281 -4.99413 26.3337 -8.52622 17.6699 34.2553 -12.9277 -1.82562 -26.7975 -45.0911 3.84878 20.6454 6.8972 15.0181 5.80412 3.36478 
-0.0260741 -4.86277 -19.8301 49.5117 -23.5737 -24.2935 34.3842 -7.17203 -27.2283 -21.7558 17.7616 22.7215 -4.72323 4.29384 -17.4503 -23.6599 -9.54359 -10.1047 -15.41 -24.121 4.82758 -8.14392 42.5917 -18.2195 13.0105 -9.65398 17.5655 3.7794 -4.98793 -7.68478 -4.26739 -8.15956 15.5186 3.91719 -15.2991 26.4275 8.01927 -1.22834 7.3842 -3.42483 -3.82625 -2.32952 12.8459 -7.03143 -3.99611 -18.846 14.9885 32.0013 -13.9037 7.69276 -9.07704 10.6131 -34.2269 -0.984763 1.90149 23.1736 -27.1778 -17.1777 12.4 42.3515 -10.379 5.9524 22.0469 -15.7938 
12.7787 8.37824 21.1176 25.2851 19.1265 9.36286 -7.33978 16.6464 -0.158708 2.88448 -15.4629 28.2241 -7.58893 -19.0059 -1.48599 0.902222 -23.8497 13.4554 -10.2609 39.6939 -2.0978 -2.27888 -22.4207 10.0965 -11.4691 15.3326 -14.3007 8.72736 -7.91545 12.2078 -17.9609 22.9385 4.97545 -16.8731 -13.2151 -21.479 -28.4226 -4.99849 -15.4566 -41.9222 -18.2493 18.4421 0.167819 -56.114 9.31895 4.78639 -33.0257 -13.5455 -3.48365 -17.8119 2.92043 28.2467 21.1623 10.5397 -5.94976 20.6233 29.3168 -39.3605 2.74154 16.0654 26.6013 -46.2411 -1.82085 1.30724 
1.53621 -14.6684 21.3457 -20.9913 6.86114 18.4078 12.3729 -8.68543 19.6251 16.5417 0.940498 29.6396 -19.7413 8.20139 -37.2572 -21.5435 5.20877 0.0147949 -15.1027 0.180519 17.9133 -30.1721 10.2894 -23.6954 -11.6798 16.2662 -34.8257 0.579014 34.9117 -16.3189 -15.3761 24.368 -2.36145 62.6335 2.7799 42.3098 -2.57411 32.4174 9.71888 18.5118 -39.1051 -9.06395 -0.273474 -10.4738 -1.04236 -13.5019 -3.00435 25.9552 -23.0625 -22.4263 -25.804 0.305757 -21.6926 -14.0592 -3.72529 -10.6767 4.89739 4.07783 -41.4263 16.9991 1.80058 0.010759 11.6696 28.9147 
-17.5149 44.7743 -22.0589 7.18046 47.276 24.5445 -12.686 -6.87004 12.2218 31.9078 10.9917 15.3725 19.9071 -19.121 8.7839 6.77041 9.97584 -25.1287 -31.3357 -4.75636 -16.0048 -19.2614 -18.1453 -6.25863 -25.1318 4.02805 43.7527 -0.077337 -24.6193 13.8432 -1.52339 36.599 2.12493 0.590017 -18.2885 -15.5999 -10.6204 2.38462 0.792928 -3.67587 15.5725 31.638 32.4153 6.48238 10.3879 25.659 7.53031 -10.4057 -13.966 28.1252 0.345269 -9.4266 -13.5005 -13.6695 10.3179 17.8941 26.8477 0.440193 11.1368 -12.1939 -17.4239 -2.74104 10.6755 -40.994 
-15.217 10.5475 12.2876 0.62401 -3.99494 5.95594 -20.9198 5.56509 22.684 5.72712 -5.75386 18.2195 -15.2207 26.4333 24.4285 15.6283 13.8823 -19.9658 11.9882 -10.8409 10.0805 1.13626 4.81243 14.5079 -4.51982 22.2493 8.51504 -7.49847 -8.96584 10.5048 -31.7213 5.98194 -48.4373 -0.0849076 28.0309 2.54079 -18.6131 -13.655 -20.5088 27.9938 -0.644643 -7.51749 -38.6828 45.1203 31.8445 -14.8415 -5.47347 20.3227 25.983 -23.5097 -15.9391 -33.1713 -2.22579 11.4333 18.019 -7.52164 -2.48275 -9.58069 8.26911 1.88453 3.97616 9.42731 -44.508 23.0588 
-34.7988 2.76688 21.8331 29.2858 6.67488 14.5555 2.0823 -33.9201 -5.50978 -16.2636 -7.82031 -32.812 4.84924 2.45995 1.47408 -0.451852 -25.9486 31.0538 -18.9775 8.75607 -41.2626 -11.2388 -26.8535 35.6479 -14.2445 -5.85388 -4.40834 14.5522 27.5367 -0.338357 -6.28184 3.99837 4.49166 10.8668 -7.46735 -5.43746 20.7457 5.91865 -6.75529 16.7969 -10.6317 -1.63459 14.0042 -5.0873 -24.767 -12.3014 8.00594 -1.45573 -47.199 -2.28442 23.6211 -19.8256 -39.154 -7.50927 -14.4549 13.4358 4.08176 -9.00425 2.34243 4.04324 -20.7087 -14.1445 6.02395 -3.49506 
20.3281 -3.84583 -25.7564 35.4232 -5.45212 8.76508 20.5897 10.1692 -5.86834 -14.3737 3.81885 -23.0649 10.0246 8.36106 -21.4684 2.80256 11.2301 -10.4062 -2.81475 36.9065 9.04353 -16.6183 44.9878 -1.00001 36.8796 12.0226 -11.3818 30.2032 -26.8717 11.7155 -20.0388 2.43522 28.2367 2.07704 1.93141 0.810144 -7.633 -1.13493 28.5035 -12.4406 -10.6986 -28.213 -8.5826 -16.3723 16.3634 0.953013 8.21995 -1.57099 -2.20632 12.7486 23.098 -14.7636 5.92251 -6.19641 -9.61938 14.8323 5.23273 -8.72663 5.76776 4.16362 19.767 13.1216 0.576957 17.6118 
14.9419 0.571566 4.1447 -28.2835 -18.6954 3.17154 -13.4225 36.0489 20.5973 -8.07409 -26.9144 18.4241 -1.86228 16.6885 -25.8509 23.1877 17.0173 -15.532 11.5321 -16.3537 6.04666 -6.90394 -8.70971 3.47798 -27.0151 0.296649 -14.7864 14.5368 -24.5601 -17.8498 16.5779 1.86959 38.9904 -7.75695 -7.6967 15.9338 -8.24588 42.8042 -9.67532 16.3423 6.62102 -0.947758 3.86878 12.3464 12.64 23.6845 14.6342 2.37304 9.76376 22.7907 -1.48626 -6.42523 2.11305 -6.6868 -11.1109 -4.64835 -3.92767 1.03569 -29.1473 3.01067 12.4554 0.232243 2.5738 -19.1305 
-3.43645 27.1535 24.2844 17.4916 16.3552 -8.38453 -1.53107 -11.8469 6.02548 -7.41433 -20.1144 27.868 42.5878 14.3427 -20.6894 -2.51585 14.5056 -10.5326 20.3928 -12.2299 -21.0438 1.39014 -19.2507 15.2979 1.71921 3.24413 4.3982 0.662045 -1.2594 19.7119 -7.48628 14.2137 26.6826 13.1464 32.7422 -19.871 53.7631 -32.1665 -13.1389 22.182 -15.0064 -26.8294 8.83808 21.4448 21.7604 27.3734 4.89613 -2.8745 -5.49557 48.7165 7.06784 -20.9687 -15.3542 -1.21738 6.29423 -23.8805 -7.51947 -5.19211 -16.904 -22.9135 -38.4623 -3.76742 24.1938 -25.8905 
-21.4534 -4.37239 43.2411 -36.1214 4.20018 -14.5538 -31.6729 -27.6764 -8.48523 28.221 -1.10426 15.1617 -11.4551 -37.2446 -26.3711 4.43663 -1.24243 -1.71941 0.679409 -2.07606 -6.67071 24.5514 0.286559 1.68868 5.147 -5.74702 -7.33931 22.7381 -15.0405 -4.39374 33.5954 -33.3025 -16.5226 -7.50634 -5.18611 1.50124 -28.2714 -16.9328 25.5732 17.9266 25.3265 3.64253 -4.64029 -4.259 -41.0052 -33.4654 0.537446 -8.57311 -35.2447 -11.4454 -26.7174 42.689 -37.9988 14.4506 -9.77866 -12.8338 -28.0585 42.5026 -1.48123 -12.4259 -28.1238 5.23658 22.9959 -10.3201 
